name: word2vec
channels:
  - conda-forge
  - defaults
  - anaconda
dependencies:
  - asttokens=3.0.1=pyhd8ed1ab_0
  - blas=1.0=mkl
  - bzip2=1.0.8=h2bbff1b_6
  - ca-certificates=2026.2.25=h4c7d964_0
  - colorama=0.4.6=pyhd8ed1ab_1
  - comm=0.2.3=pyhe01879c_0
  - debugpy=1.8.20=py311h5dfdfe8_0
  - decorator=5.2.1=pyhd8ed1ab_0
  - executing=2.2.1=pyhd8ed1ab_0
  - intel-openmp=2025.0.0=haa95532_1164
  - ipykernel=7.2.0=pyh6dadd2b_1
  - ipython=9.10.0=pyhe2676ad_0
  - ipython_pygments_lexers=1.1.1=pyhd8ed1ab_0
  - jedi=0.19.2=pyhd8ed1ab_1
  - jupyter_client=8.8.0=pyhcf101f3_0
  - jupyter_core=5.9.1=pyh6dadd2b_0
  - krb5=1.22.2=h0ea6238_0
  - libexpat=2.7.4=hd7fb8db_0
  - libffi=3.4.4=hd77b12b_1
  - libhwloc=2.12.1=default_hfa10c62_1000
  - libiconv=1.18=hc89ec93_0
  - libsodium=1.0.21=h6a83c73_3
  - libxml2=2.13.9=h6201b9f_0
  - libzlib=1.3.1=h02ab6af_0
  - matplotlib-inline=0.2.1=pyhd8ed1ab_0
  - mkl=2025.0.0=h5da7b33_930
  - mkl-service=2.5.2=py311h0b37514_0
  - mkl_fft=2.1.1=py311h300f80d_0
  - mkl_random=1.3.0=py311ha5e6156_0
  - nest-asyncio=1.6.0=pyhd8ed1ab_1
  - numpy=2.4.2=py311h22cce72_0
  - numpy-base=2.4.2=py311h1df51cf_0
  - openssl=3.6.1=hf411b9b_1
  - packaging=25.0=py311haa95532_1
  - parso=0.8.6=pyhcf101f3_0
  - pip=26.0.1=pyhc872135_0
  - platformdirs=4.9.4=pyhcf101f3_0
  - prompt-toolkit=3.0.52=pyha770c72_0
  - psutil=7.2.2=py311hf893f09_0
  - pure_eval=0.2.3=pyhd8ed1ab_1
  - pygments=2.19.2=pyhd8ed1ab_0
  - python=3.11.15=h1044e36_0
  - python-dateutil=2.9.0.post0=pyhe01879c_2
  - python_abi=3.11=2_cp311
  - pywin32=311=py311hefeebc8_1
  - pyzmq=27.1.0=py311hff25285_2
  - setuptools=80.10.2=py311haa95532_0
  - six=1.17.0=pyhe01879c_1
  - sqlite=3.51.2=hee5a0db_0
  - stack_data=0.6.3=pyhd8ed1ab_1
  - tbb=2022.3.0=h90c84d6_0
  - tbb-devel=2022.3.0=h90c84d6_0
  - tk=8.6.15=hf199647_0
  - tornado=6.5.4=py311h3485c13_0
  - traitlets=5.14.3=pyhd8ed1ab_1
  - typing_extensions=4.15.0=pyhcf101f3_0
  - tzdata=2026a=he532380_0
  - ucrt=10.0.22621.0=haa95532_0
  - vc=14.3=h2df5915_10
  - vc14_runtime=14.44.35208=h4927774_10
  - vs2015_runtime=14.44.35208=ha6b5a95_10
  - wcwidth=0.6.0=pyhd8ed1ab_0
  - wheel=0.46.3=py311haa95532_0
  - xz=5.8.2=h53af0af_0
  - zeromq=4.3.5=h507cc87_10
  - zlib=1.3.1=h02ab6af_0
prefix: word2vec
